Date;Personnes hospitalisées;aux soins intensifs;Total Sorties de l'hôpital;Total décès;Total cas avérés;Nouveaux cas;Gruyère;Singine;Sarine;Veveyse;Broye;Glâne;Lac;Autres (Etranger ou domicile FR non confirmé);;;;;;;;;;;;;;;;;;;;;;;;;
29.02.2020;0;;;0;0;0;0;0;0;0;0;0;0;0;;;;;;;;;;;;;;;;;;;;;;;;;
01.03.2020;0;;;0;1;1;1;0;0;0;0;0;0;0;;;;;;;;;;;;;;;;;;;;;;;;;
02.03.2020;0;;;0;2;1;1;0;0;0;0;0;0;0;;;;;;;;;;;;;;;;;;;;;;;;;
03.03.2020;0;;;0;2;0;0;0;0;0;0;0;0;0;;;;;;;;;;;;;;;;;;;;;;;;;
04.03.2020;0;;;0;4;2;1;0;1;0;0;0;0;0;;;;;;;;;;;;;;;;;;;;;;;;;
05.03.2020;0;;;0;6;2;2;0;0;0;0;0;0;0;;;;;;;;;;;;;;;;;;;;;;;;;
06.03.2020;0;;;0;7;1;1;0;0;0;0;0;0;0;;;;;;;;;;;;;;;;;;;;;;;;;
07.03.2020;0;;;0;7;0;0;0;0;0;0;0;0;0;;;;;;;;;;;;;;;;;;;;;;;;;
08.03.2020;0;;;0;7;0;0;0;0;0;0;0;0;0;;;;;;;;;;;;;;;;;;;;;;;;;
09.03.2020;0;;;0;9;2;0;0;0;1;1;0;0;0;;;;;;;;;;;;;;;;;;;;;;;;;
10.03.2020;0;;;0;12;3;1;0;2;0;0;0;0;0;;;;;;;;;;;;;;;;;;;;;;;;;
11.03.2020;0;;;0;16;4;0;1;2;1;0;0;0;0;;;;;;;;;;;;;;;;;;;;;;;;;
12.03.2020;0;;;0;22;6;0;1;4;1;0;0;0;0;;;;;;;;;;;;;;;;;;;;;;;;;
13.03.2020;0;;;0;28;6;1;0;3;0;2;0;0;0;;;;;;;;;;;;;;;;;;;;;;;;;
14.03.2020;0;;;0;35;7;0;0;1;2;3;1;0;0;;;;;;;;;;;;;;;;;;;;;;;;;
15.03.2020;0;;;0;39;4;0;1;2;0;1;0;0;0;;;;;;;;;;;;;;;;;;;;;;;;;
16.03.2020;0;;;0;44;5;0;0;2;0;2;1;0;0;;;;;;;;;;;;;;;;;;;;;;;;;
17.03.2020;26;5;;0;58;14;1;3;4;2;2;2;0;0;;;;;;;;;;;;;;;;;;;;;;;;;
18.03.2020;11;5;;0;85;27;2;1;5;3;12;4;0;0;;;;;;;;;;;;;;;;;;;;;;;;;
19.03.2020;12;5;;1;108;23;1;1;7;6;3;2;2;1;;;;;;;;;;;;;;;;;;;;;;;;;
20.03.2020;20;6;;1;142;34;2;4;14;2;6;4;2;0;;;;;;;;;;;;;;;;;;;;;;;;;
21.03.2020;28;6;;2;165;23;2;2;5;6;4;3;0;1;;;;;;;;;;;;;;;;;;;;;;;;;
22.03.2020;32;8;;3;202;37;9;0;11;1;7;6;3;0;;;;;;;;;;;;;;;;;;;;;;;;;
23.03.2020;35;7;;4;223;21;1;1;8;0;4;4;2;1;;;;;;;;;;;;;;;;;;;;;;;;;
24.03.2020;35;7;;6;252;29;3;2;11;2;5;1;5;0;;;;;;;;;;;;;;;;;;;;;;;;;
25.03.2020;39;7;;6;290;38;7;4;9;1;10;6;1;0;;;;;;;;;;;;;;;;;;;;;;;;;
26.03.2020;44;5;;11;306;16;3;0;3;0;7;2;1;0;;;;;;;;;;;;;;;;;;;;;;;;;
27.03.2020;50;8;;14;368;62;7;7;18;4;6;12;5;3;;;;;;;;;;;;;;;;;;;;;;;;;
28.03.2020;67;12;;15;420;52;4;3;23;2;9;9;2;0;;;;;;;;;;;;;;;;;;;;;;;;;
29.03.2020;76;13;;15;441;21;3;3;8;1;1;2;3;0;;;;;;;;;;;;;;;;;;;;;;;;;
30.03.2020;77;16;;17;476;35;11;2;6;3;4;6;2;1;;;;;;;;;;;;;;;;;;;;;;;;;
31.03.2020;77;20;;20;490;14;3;0;4;1;3;3;0;0;;;;;;;;;;;;;;;;;;;;;;;;;
01.04.2020;81;23;;23;525;35;5;1;15;1;5;5;2;1;;;;;;;;;;;;;;;;;;;;;;;;;
02.04.2020;80;23;46;26;550;25;0;9;4;2;7;0;3;0;;;;;;;;;;;;;;;;;;;;;;;;;
03.04.2020;77;21;46;31;588;38;10;4;12;2;5;1;4;0;;;;;;;;;;;;;;;;;;;;;;;;;
04.04.2020;89;21;49;37;638;50;9;10;8;5;9;6;3;0;;;;;;;;;;;;;;;;;;;;;;;;;
05.04.2020;87;20;55;40;669;31;5;4;11;2;6;1;2;0;;;;;;;;;;;;;;;;;;;;;;;;;
06.04.2020;87;19;56;41;689;20;3;2;2;1;4;3;5;0;;;;;;;;;;;;;;;;;;;;;;;;;
07.04.2020;78;22;73;44;730;41;4;9;7;0;4;15;1;1;;;;;;;;;;;;;;;;;;;;;;;;;
08.04.2020;80;22;78;45;757;27;10;1;8;1;2;4;1;0;;;;;;;;;;;;;;;;;;;;;;;;;
09.04.2020;80;20;84;46;787;30;3;4;10;3;5;1;2;2;;;;;;;;;;;;;;;;;;;;;;;;;
10.04.2020;73;19;88;49;797;10;1;2;3;1;2;0;1;0;;;;;;;;;;;;;;;;;;;;;;;;;
11.04.2020;68;20;93;53;836;39;11;8;3;0;7;8;2;0;;;;;;;;;;;;;;;;;;;;;;;;;
12.04.2020;65;19;97;54;847;11;1;1;5;1;1;0;2;0;;;;;;;;;;;;;;;;;;;;;;;;;
13.04.2020;68;17;97;55;860;13;2;4;1;0;2;1;3;0;;;;;;;;;;;;;;;;;;;;;;;;;
14.04.2020;68;14;98;57;880;20;4;2;8;1;1;2;1;1;;;;;;;;;;;;;;;;;;;;;;;;;
15.04.2020;61;16;105;63;891;11;0;2;3;0;3;1;2;0;;;;;;;;;;;;;;;;;;;;;;;;;
16.04.2020;60;15;105;65;909;18;4;0;5;0;4;4;1;0;;;;;;;;;;;;;;;;;;;;;;;;;
17.04.2020;66;13;106;67;932;23;3;5;5;1;3;4;2;0;;;;;;;;;;;;;;;;;;;;;;;;;
18.04.2020;64;11;109;69;957;25;5;2;3;0;12;3;0;0;;;;;;;;;;;;;;;;;;;;;;;;;
19.04.2020;61;12;113;71;982;25;9;3;4;2;4;2;1;0;;;;;;;;;;;;;;;;;;;;;;;;;
20.04.2020;62;11;113;72;991;9;3;0;1;0;2;1;2;0;;;;;;;;;;;;;;;;;;;;;;;;;
21.04.2020;60;8;115;74;997;6;2;3;0;0;0;0;1;0;;;;;;;;;;;;;;;;;;;;;;;;;
22.04.2020;57;5;116;76;1'008;11;2;1;3;0;2;3;0;0;;;;;;;;;;;;;;;;;;;;;;;;;
23.04.2020;57;5;118;76;1'016;8;0;0;4;0;3;1;0;0;;;;;;;;;;;;;;;;;;;;;;;;;
24.04.2020;55;8;119;76;1'023;7;3;0;1;0;1;1;1;0;;;;;;;;;;;;;;;;;;;;;;;;;
25.04.2020;54;7;119;76;1'031;8;0;1;0;2;4;1;0;0;;;;;;;;;;;;;;;;;;;;;;;;;
26.04.2020;54;5;120;77;1'035;4;0;0;2;0;1;1;0;0;;;;;;;;;;;;;;;;;;;;;;;;;
27.04.2020;55;5;120;78;1'042;7;0;0;2;0;1;3;1;0;;;;;;;;;;;;;;;;;;;;;;;;;
28.04.2020;49;5;121;78;1'046;4;0;2;2;0;0;0;0;0;;;;;;;;;;;;;;;;;;;;;;;;;
29.04.2020;48;7;123;78;1'059;13;0;2;4;0;6;0;1;0;;;;;;;;;;;;;;;;;;;;;;;;;
30.04.2020;46;6;123;78;1'072;13;0;4;3;0;4;1;1;0;;;;;;;;;;;;;;;;;;;;;;;;;
01.05.2020;43;5;123;78;1'080;8;1;1;4;0;0;1;1;0;;;;;;;;;;;;;;;;;;;;;;;;;
02.05.2020;38;4;129;79;1'094;14;0;5;2;0;1;3;3;0;;;;;;;;;;;;;;;;;;;;;;;;;
03.05.2020;35;4;130;79;1'099;5;0;1;2;0;0;1;1;0;;;;;;;;;;;;;;;;;;;;;;;;;
04.05.2020;36;4;130;79;1'103;4;0;2;1;0;1;0;0;0;;;;;;;;;;;;;;;;;;;;;;;;;
05.05.2020;35;3;131;80;1'105;2;0;0;0;0;0;2;0;0;;;;;;;;;;;;;;;;;;;;;;;;;
06.05.2020;34;5;131;80;1'109;4;0;0;3;0;0;1;0;0;;;;;;;;;;;;;;;;;;;;;;;;;
07.05.2020;30;5;134;80;1'117;8;0;1;2;0;2;1;2;0;;;;;;;;;;;;;;;;;;;;;;;;;
08.05.2020;30;5;134;81;1'119;2;0;0;0;0;0;0;2;0;;;;;;;;;;;;;;;;;;;;;;;;;
09.05.2020;30;5;134;82;1'123;4;0;1;0;0;0;1;2;0;;;;;;;;;;;;;;;;;;;;;;;;;
10.05.2020;26;4;137;83;1'128;5;0;4;1;0;0;0;0;0;;;;;;;;;;;;;;;;;;;;;;;;;
11.05.2020;26;5;137;83;1'131;3;0;1;1;0;1;0;0;0;;;;;;;;;;;;;;;;;;;;;;;;;
12.05.2020;26;6;138;83;1'140;9;1;1;5;0;0;0;2;0;;;;;;;;;;;;;;;;;;;;;;;;;
13.05.2020;25;5;139;84;1'143;3;1;0;1;0;0;1;0;0;;;;;;;;;;;;;;;;;;;;;;;;;
14.05.2020;20;5;142;84;1'145;2;1;1;0;0;0;0;0;0;;;;;;;;;;;;;;;;;;;;;;;;;
15.05.2020;19;5;143;84;1'147;2;0;1;1;0;0;0;0;0;;;;;;;;;;;;;;;;;;;;;;;;;
16.05.2020;18;5;143;84;1'148;1;1;0;0;0;0;0;0;0;;;;;;;;;;;;;;;;;;;;;;;;;
17.05.2020;16;4;144;84;1'149;1;0;0;1;0;0;0;0;0;;;;;;;;;;;;;;;;;;;;;;;;;
18.05.2020;16;4;144;84;1'149;0;0;0;0;0;0;0;0;0;;;;;;;;;;;;;;;;;;;;;;;;;
19.05.2020;15;4;144;84;1'149;0;0;0;0;0;0;0;0;0;;;;;;;;;;;;;;;;;;;;;;;;;
20.05.2020;12;4;144;84;1'154;5;0;2;2;0;1;0;0;0;;;;;;;;;;;;;;;;;;;;;;;;;
21.05.2020;11;3;146;84;1'154;0;0;0;0;0;0;0;0;0;;;;;;;;;;;;;;;;;;;;;;;;;
22.05.2020;11;3;146;84;1'154;0;0;0;0;0;0;0;0;0;;;;;;;;;;;;;;;;;;;;;;;;;
23.05.2020;10;3;146;84;1'157;3;0;3;0;0;0;0;0;0;;;;;;;;;;;;;;;;;;;;;;;;;
24.05.2020;9;3;147;84;1'158;1;0;0;1;0;0;0;0;0;;;;;;;;;;;;;;;;;;;;;;;;;
25.05.2020;8;3;148;84;1'159;1;0;1;0;0;0;0;0;0;;;;;;;;;;;;;;;;;;;;;;;;;
26.05.2020;7;3;148;84;1'159;0;0;0;0;0;0;0;0;0;;;;;;;;;;;;;;;;;;;;;;;;;
27.05.2020;7;3;148;84;1'160;1;0;1;0;0;0;0;0;0;;;;;;;;;;;;;;;;;;;;;;;;;
28.05.2020;7;3;149;84;1'161;1;0;0;1;0;0;0;0;0;;;;;;;;;;;;;;;;;;;;;;;;;
29.05.2020;7;3;149;84;1'162;1;1;0;0;0;0;0;0;0;;;;;;;;;;;;;;;;;;;;;;;;;
30.05.2020;5;3;150;84;1'162;0;0;0;0;0;0;0;0;0;;;;;;;;;;;;;;;;;;;;;;;;;
31.05.2020;5;3;150;84;1'162;0;0;0;0;0;0;0;0;0;;;;;;;;;;;;;;;;;;;;;;;;;
01.06.2020;5;3;150;84;1'162;0;0;0;0;0;0;0;0;0;;;;;;;;;;;;;;;;;;;;;;;;;
02.06.2020;5;3;150;84;1'164;2;0;0;1;1;0;0;0;0;;;;;;;;;;;;;;;;;;;;;;;;;
03.06.2020;5;3;150;84;1'165;1;0;1;0;0;0;0;0;0;;;;;;;;;;;;;;;;;;;;;;;;;
04.06.2020;5;3;150;84;1'167;2;0;0;2;0;0;0;0;0;;;;;;;;;;;;;;;;;;;;;;;;;
05.06.2020;5;2;150;84;1'169;2;0;0;2;0;0;0;0;0;;;;;;;;;;;;;;;;;;;;;;;;;
06.06.2020;5;2;150;84;1'169;0;0;0;0;0;0;0;0;0;;;;;;;;;;;;;;;;;;;;;;;;;
07.06.2020;5;2;150;84;1'171;2;0;0;2;0;0;0;0;0;;;;;;;;;;;;;;;;;;;;;;;;;
08.06.2020;5;2;150;84;1'175;4;0;0;0;1;0;0;3;0;;;;;;;;;;;;;;;;...;...;;;;;;;...;...
09.06.2020;4;1;150;84;1'175;0;0;0;0;0;0;0;0;0;;;;;;;;;;;;;;;;;;;;;;;;;
10.06.2020;4;1;150;84;1'177;2;0;0;0;0;0;0;2;0;;;;;;;;;;;;;;;;;;;;;;;;;
11.06.2020;3;1;150;84;1'178;1;0;0;0;0;0;0;1;0;;;;;;;;;;;;;;;;;;;;;;;;;
12.06.2020;4;1;150;84;1'178;0;0;0;0;0;0;0;0;0;;;;;;;;;;;;;;;;;;;;;;;;;
13.06.2020;3;1;150;84;1'182;4;0;0;3;0;0;0;1;0;;;;;;;;;;;;;;;;;;;;;;;;;
14.06.2020;3;1;150;84;1'184;2;1;0;0;1;0;0;0;0;;;;;;;;;;;;;;;;;;;;;;;;;
15.06.2020;3;1;150;84;1'184;0;0;0;0;0;0;0;0;0;;;;;;;;;;;;;;;;;;;;;;;;;
16.06.2020;4;1;150;84;1'185;1;0;0;0;1;0;0;0;0;;;;;;;;;;;;;;;;;;;;;;;;;
17.06.2020;3;1;151;84;1'186;1;0;0;1;0;0;0;0;0;;;;;;;;;;;;;;;;;;;;;;;;;
18.06.2020;2;0;151;84;1'188;2;0;0;1;1;0;0;0;0;;;;;;;;;;;;;;;;;;;;;;;;;
19.06.2020;2;0;151;84;1'189;1;0;0;1;0;0;0;0;0;;;;;;;;;;;;;;;;;;;;;;;;;
20.06.2020;0;;151;84;1'194;5;1;1;0;3;0;0;0;0;;;;;;;;;;;;;;;;;;;;;;;;;
21.06.2020;0;;151;84;1'194;0;0;0;0;0;0;0;0;0;;;;;;;;;;;;;;;;;;;;;;;;;
22.06.2020;3;0;151;85;1'194;0;0;0;0;0;0;0;0;0;;;;;;;;;;;;;;;;;;;;;;;;;
23.06.2020;2;0;152;85;1'198;4;2;0;1;1;0;0;0;0;;;;;;;;;;;;;;;;;;;;;;;;;
24.06.2020;2;0;152;85;1'206;8;3;1;1;3;0;0;0;0;;;;;;;;;;;;;;;;;;;;;;;;;
25.06.2020;2;0;152;85;1'209;3;2;0;0;0;0;1;0;0;;;;;;;;;;;;;;;;;;;;;;;;;
26.06.2020;3;0;152;85;1'214;5;2;1;0;1;0;1;0;0;;;;;;;;;;;;;;;;;;;;;;;;;
27.06.2020;0;;152;85;1'218;4;0;0;1;1;0;2;0;0;;;;;;;;;;;;;;;;;;;;;;;;;
28.06.2020;0;;152;85;1'223;5;0;0;1;1;0;3;0;0;;;;;;;;;;;;;;;;;;;;;;;;;
29.06.2020;4;0;152;85;1'223;0;0;0;0;0;0;0;0;0;;;;;;;;;;;;;;;;;;;;;;;;;
30.06.2020;4;0;152;85;1'223;0;0;0;0;0;0;0;0;0;;;;;;;;;;;;;;;;;;;;;;;;;
01.07.2020;3;0;152;85;1'234;11;1;0;3;0;0;7;0;0;;;;;;;;;;;;;;;;;;;;;;;;;
02.07.2020;3;0;152;85;1'242;8;0;0;3;0;0;5;0;0;;;;;;;;;;;;;;;;;;;;;;;;;
03.07.2020;4;1;152;85;1'247;5;1;0;0;0;0;4;0;0;;;;;;;;;;;;;;;;;;;;;;;;;
04.07.2020;4;1;152;85;1'250;3;0;0;0;0;1;2;0;0;;;;;;;;;;;;;;;;;;;;;;;;;
05.07.2020;4;1;152;85;1'255;5;1;0;0;0;3;1;0;0;;;;;;;;;;;;;;;;;;;;;;;;;
06.07.2020;4;1;152;85;1'257;2;1;0;0;0;0;1;0;0;;;;;;;;;;;;;;;;;;;;;;;;;
07.07.2020;4;1;152;85;1'259;2;1;0;1;0;0;0;0;0;;;;;;;;;;;;;;;;;;;;;;;;;
08.07.2020;4;1;152;85;1'262;3;0;0;2;0;1;0;0;0;;;;;;;;;;;;;;;;;;;;;;;;;
09.07.2020;4;1;152;85;1'263;1;0;0;1;0;0;0;0;0;;;;;;;;;;;;;;;;;;;;;;;;;
10.07.2020;3;1;153;85;1'267;4;0;0;3;0;0;0;1;0;;;;;;;;;;;;;;;;;;;;;;;;;
11.07.2020;1;1;155;85;1'270;3;0;0;0;0;3;0;0;0;;;;;;;;;;;;;;;;;;;;;;;;;
12.07.2020;1;1;155;85;1'275;5;0;0;2;0;1;1;1;0;;;;;;;;;;;;;;;;;;;;;;;;;
13.07.2020;1;1;155;85;1'278;3;0;1;1;0;1;0;0;0;;;;;;;;;;;;;;;;;;;;;;;;;
14.07.2020;1;1;155;85;1'278;0;0;0;0;0;0;0;0;0;;;;;;;;;;;;;;;;;;;;;;;;;
15.07.2020;1;1;155;85;1'282;4;0;0;3;0;0;0;1;0;;;;;;;;;;;;;;;;;;;;;;;;;
16.07.2020;2;1;155;85;1'286;4;0;0;2;1;0;1;0;0;;;;;;;;;;;;;;;;;;;;;;;;;
17.07.2020;2;1;155;85;1'288;2;0;0;2;0;0;0;0;0;;;;;;;;;;;;;;;;;;;;;;;;;
18.07.2020;2;1;155;85;1'296;8;0;0;6;1;0;1;0;0;;;;;;;;;;;;;;;;;;;;;;;;;
19.07.2020;3;1;155;85;1'301;5;0;0;3;0;0;0;2;0;;;;;;;;;;;;;;;;;;;;;;;;;
20.07.2020;3;1;155;85;1'308;7;0;0;4;0;2;0;1;0;;;;;;;;;;;;;;;;;;;;;;;;;
21.07.2020;2;1;156;85;1'309;1;0;0;1;0;0;0;0;0;;;;;;;;;;;;;;;;;;;;;;;;;
22.07.2020;2;1;156;85;1'315;6;1;0;0;1;4;0;0;0;;;;;;;;;;;;;;;;;;;;;;;;;
23.07.2020;2;1;156;85;1'316;1;0;0;0;0;0;0;1;0;;;;;;;;;;;;;;;;;;;;;;;;;
24.07.2020;2;1;156;85;1'319;3;1;1;0;0;0;0;1;0;;;;;;;;;;;;;;;;;;;;;;;;;
25.07.2020;1;1;157;85;1'323;4;1;0;0;1;1;0;1;0;;;;;;;;;;;;;;;;;;;;;;;;;
26.07.2020;1;1;157;85;1'324;1;0;0;0;0;1;0;0;0;;;;;;;;;;;;;;;;;;;;;;;;;
27.07.2020;1;1;157;85;1'325;1;0;0;1;0;0;0;0;0;;;;;;;;;;;;;;;;;;;;;;;;;
28.07.2020;1;1;157;85;1'329;4;0;0;1;0;2;0;1;0;;;;;;;;;;;;;;;;;;;;;;;;;
29.07.2020;1;1;157;85;1'336;7;0;0;4;0;1;1;1;0;;;;;;;;;;;;;;;;;;;;;;;;;
30.07.2020;2;1;157;85;1'346;10;1;0;4;0;3;2;0;0;;;;;;;;;;;;;;;;;;;;;;;;;
31.07.2020;2;1;157;85;1'354;8;0;0;2;0;4;0;2;0;;;;;;;;;;;;;;;;;;;;;;;;;
01.08.2020;2;1;157;85;1'357;3;0;0;0;0;2;0;1;0;;;;;;;;;;;;;;;;;;;;;;;;;
02.08.2020;1;1;158;85;1'362;5;0;0;5;0;0;0;0;0;;;;;;;;;;;;;;;;;;;;;;;;;
03.08.2020;1;2;158;85;1'364;2;1;0;0;0;1;0;0;0;;;;;;;;;;;;;;;;;;;;;;;;;
04.08.2020;1;1;158;85;1'364;0;0;0;0;0;0;0;0;0;;;;;;;;;;;;;;;;;;;;;;;;;
05.08.2020;1;1;158;85;1'372;8;1;1;3;0;2;0;1;0;;;;;;;;;;;;;;;;;;;;;;;;;
06.08.2020;1;1;158;85;1'377;5;0;0;4;0;1;0;0;0;;;;;;;;;;;;;;;;;;;;;;;;;
07.08.2020;1;1;158;85;1'381;4;1;0;1;0;2;0;0;0;;;;;;;;;;;;;;;;;;;;;;;;;
08.08.2020;1;1;158;85;1'382;1;0;1;0;0;0;0;0;0;;;;;;;;;;;;;;;;;;;;;;;;;
09.08.2020;1;1;158;85;1'388;6;1;0;4;0;1;0;0;0;;;;;;;;;;;;;;;;;;;;;;;;;
10.08.2020;2;1;158;85;1'393;5;3;0;2;0;0;0;0;0;;;;;;;;;;;;;;;;;;;;;;;;;
11.08.2020;2;1;158;85;1'397;4;1;0;2;0;1;0;0;0;;;;;;;;;;;;;;;;;;;;;;;;;
12.08.2020;2;1;158;85;1'405;8;1;1;3;1;0;1;1;0;;;;;;;;;;;;;;;;;;;;;;;;;
13.08.2020;2;1;158;85;1'409;4;0;0;2;0;1;0;1;0;;;;;;;;;;;;;;;;;;;;;;;;;
14.08.2020;2;1;158;85;1'412;3;1;0;2;0;0;0;0;0;;;;;;;;;;;;;;;;;;;;;;;;;
15.08.2020;3;1;158;85;1'422;10;1;0;2;0;2;2;3;0;;;;;;;;;;;;;;;;;;;;;;;;;
16.08.2020;3;1;158;85;1'430;8;0;0;0;0;8;0;0;0;;;;;;;;;;;;;;;;;;;;;;;;;
17.08.2020;3;1;158;85;1'432;2;0;0;0;0;1;0;1;0;;;;;;;;;;;;;;;;;;;;;;;;;
18.08.2020;3;1;158;85;1'438;6;0;0;5;1;0;0;0;0;;;;;;;;;;;;;;;;;;;;;;;;;
19.08.2020;4;1;158;85;1'455;17;5;2;7;1;0;2;0;0;;;;;;;;;;;;;;;;;;;;;;;;;
20.08.2020;2;1;160;85;1'468;13;2;5;0;1;1;2;2;0;;;;;;;;;;;;;;;;;;;;;;;;;
21.08.2020;2;0;160;85;1'492;24;9;1;5;0;4;3;2;0;;;;;;;;;;;;;;;;;;;;;;;;;
22.08.2020;4;1;160;85;1'523;31;17;1;2;1;0;4;6;0;;;;;;;;;;;;;;;;;;;;;;;;;
23.08.2020;4;1;160;85;1'556;33;13;4;11;1;1;1;2;0;;;;;;;;;;;;;;;;;;;;;;;;;
24.08.2020;3;1;160;85;1'567;11;4;0;5;1;0;0;1;0;;;;;;;;;;;;;;;;;;;;;;;;;
25.08.2020;2;0;160;85;1'577;10;3;1;2;2;1;1;0;0;;;;;;;;;;;;;;;;;;;;;;;;;
26.08.2020;2;0;160;85;1'601;24;8;0;9;2;3;1;1;0;;;;;;;;;;;;;;;;;;;;;;;;;
27.08.2020;2;0;160;85;1'619;18;1;3;8;0;2;3;1;0;;;;;;;;;;;;;;;;;;;;;;;;;
28.08.2020;3;0;160;85;1'640;21;4;0;9;0;2;2;4;0;;;;;;;;;;;;;;;;;;;;;;;;;
29.08.2020;3;0;162;85;1'660;20;4;0;10;0;3;2;1;0;;;;;;;;;;;;;;;;;;;;;;;;;
30.08.2020;3;1;162;85;1'686;26;8;1;5;1;1;9;1;0;;;;;;;;;;;;;;;;;;;;;;;;;
31.08.2020;5;1;162;85;1'693;7;2;0;1;0;0;4;0;0;;;;;;;;;;;;;;;;;;;;;;;;;
01.09.2020;5;0;163;85;1'710;17;6;3;4;1;0;0;2;1;;;;;;;;;;;;;;;;;;;;;;;;;
02.09.2020;5;0;163;85;1'737;27;8;1;5;1;0;12;0;0;;;;;;;;;;;;;;;;;;;;;;;;;
03.09.2020;5;1;163;85;1'772;35;5;0;5;1;0;21;3;0;;;;;;;;;;;;;;;;;;;;;;;;;
04.09.2020;6;1;163;85;1'806;34;9;2;13;3;4;3;0;0;;;;;;;;;;;;;;;;;;;;;;;;;
05.09.2020;5;1;164;85;1'827;21;3;1;11;1;0;4;1;0;;;;;;;;;;;;;;;;;;;;;;;;;
06.09.2020;5;1;164;87;1'884;57;30;2;13;0;0;11;1;0;;;;;;;;;;;;;;;;;;;;;;;;;
07.09.2020;5;1;164;87;1'908;24;6;0;11;0;2;5;0;0;;;;;;;;;;;;;;;;;;;;;;;;;
08.09.2020;6;0;164;88;1'930;22;3;0;7;2;2;5;3;0;;;;;;;;;;;;;;;;;;;;;;;;;
09.09.2020;6;0;164;88;1'984;54;22;3;11;2;4;12;0;0;;;;;;;;;;;;;;;;;;;;;;;;;
10.09.2020;11;0;164;88;2'027;43;12;1;8;2;4;14;2;0;;;;;;;;;;;;;;;;;;;;;;;;;
11.09.2020;18;2;164;88;2'047;20;3;0;7;0;4;5;1;0;;;;;;;;;;;;;;;;;;;;;;;;;
12.09.2020;20;1;164;88;2'083;36;12;0;5;1;3;13;2;0;;;;;;;;;;;;;;;;;;;;;;;;;
13.09.2020;21;1;164;88;2'116;33;7;1;14;3;2;4;2;0;;;;;;;;;;;;;;;;;;;;;;;;;
14.09.2020;22;2;164;88;2'135;19;7;2;4;2;1;1;2;0;;;;;;;;;;;;;;;;;;;;;;;;;
15.09.2020;20;2;165;88;2'161;26;6;2;6;3;0;7;2;0;;;;;;;;;;;;;;;;;;;;;;;;;
16.09.2020;17;1;166;95;2'190;29;10;0;8;1;4;4;2;0;;;;;;;;;;;;;;;;;;;;;;;;;
17.09.2020;19;1;166;97;2'208;18;7;2;5;0;1;3;0;0;;;;;;;;;;;;;;;;;;;;;;;;;
18.09.2020;14;2;168;98;2'235;27;5;0;13;1;1;6;1;0;;;;;;;;;;;;;;;;;;;;;;;;;
19.09.2020;9;2;169;101;2'272;37;5;3;18;1;1;7;2;0;;;;;;;;;;;;;;;;;;;;;;;;;
20.09.2020;9;2;171;101;2'288;16;1;1;5;2;5;1;1;0;;;;;;;;;;;;;;;;;;;;;;;;;
21.09.2020;9;3;171;101;2'295;7;1;0;5;0;0;0;1;0;;;;;;;;;;;;;;;;;;;;;;;;;
22.09.2020;9;3;171;101;2'325;30;1;2;17;3;4;3;0;0;;;;;;;;;;;;;;;;;;;;;;;;;
23.09.2020;9;2;171;102;2'338;13;1;2;6;0;1;1;2;0;;;;;;;;;;;;;;;;;;;;;;;;;
24.09.2020;9;2;172;102;2'346;8;0;0;6;0;0;1;1;0;;;;;;;;;;;;;;;;;;;;;;;;;
25.09.2020;9;3;173;102;2'363;17;5;2;5;1;1;2;1;0;;;;;;;;;;;;;;;;;;;;;;;;;
26.09.2020;9;3;173;102;2'381;18;4;2;7;0;1;4;0;0;;;;;;;;;;;;;;;;;;;;;;;;;
27.09.2020;10;3;173;102;2'399;18;4;0;7;1;1;2;2;1;;;;;;;;;;;;;;;;;;;;;;;;;
28.09.2020;11;3;173;102;2'402;3;0;0;2;0;1;0;0;0;;;;;;;;;;;;;;;;;;;;;;;;;
29.09.2020;11;2;173;102;2'417;15;3;1;7;0;2;1;1;0;;;;;;;;;;;;;;;;;;;;;;;;;
30.09.2020;9;2;174;102;2'433;16;3;2;6;0;0;1;4;0;;;;;;;;;;;;;;;;;;;;;;;;;
01.10.2020;9;2;174;102;2'458;25;3;4;10;3;1;2;2;0;;;;;;;;;;;;;;;;;;;;;;;;;
02.10.2020;8;2;175;102;2'482;24;5;1;10;2;4;1;1;0;;;;;;;;;;;;;;;;;;;;;;;;;
03.10.2020;8;1;176;102;2'507;25;2;2;9;1;3;0;6;2;;;;;;;;;;;;;;;;;;;;;;;;;
04.10.2020;9;1;176;102;2'533;26;8;1;6;3;0;2;6;0;;;;;;;;;;;;;;;;;;;;;;;;;
05.10.2020;10;1;176;102;2'544;11;2;0;6;1;0;0;2;0;;;;;;;;;;;;;;;;;;;;;;;;;
06.10.2020;10;1;177;102;2'582;38;8;2;19;2;0;4;3;0;;;;;;;;;;;;;;;;;;;;;;;;;
07.10.2020;11;1;177;102;2'628;46;4;1;31;4;1;1;4;0;;;;;;;;;;;;;;;;;;;;;;;;;
08.10.2020;11;1;177;102;2'677;49;4;6;24;1;7;5;2;0;;;;;;;;;;;;;;;;;;;;;;;;;
09.10.2020;12;2;177;102;2'755;78;5;10;43;4;8;4;4;0;;;;;;;;;;;;;;;;;;;;;;;;;
10.10.2020;14;1;177;102;2'900;145;14;21;76;5;11;7;11;0;;;;;;;;;;;;;;;;;;;;;;;;;
11.10.2020;13;1;179;103;2'969;69;11;12;33;3;3;2;5;0;;;;;;;;;;;;;;;;;;;;;;;;;
12.10.2020;13;1;180;103;3'060;91;7;20;44;2;8;2;7;1;;;;;;;;;;;;;;;;;;;;;;;;;
13.10.2020;13;2;182;104;3'167;107;14;27;47;3;7;3;5;1;;;;;;;;;;;;;;;;;;;;;;;;;
14.10.2020;21;3;183;105;3'305;138;23;20;68;1;8;7;10;1;;;;;;;;;;;;;;;;;;;;;;;;;
15.10.2020;24;3;185;106;3'455;150;21;30;66;8;10;9;6;0;;;;;;;;;;;;;;;;;;;;;;;;;
16.10.2020;26;3;189;106;3'615;160;17;23;75;6;18;12;9;0;;;;;;;;;;;;;;;;;;;;;;;;;
17.10.2020;33;5;190;106;3'796;181;31;19;85;6;24;5;11;0;;;;;;;;;;;;;;;;;;;;;;;;;
18.10.2020;35;5;191;107;4'021;225;46;19;102;14;7;17;19;1;;;;;;;;;;;;;;;;;;;;;;;;;
19.10.2020;41;6;191;107;4'229;208;28;15;98;9;29;15;13;1;;;;;;;;;;;;;;;;;;;;;;;;;
20.10.2020;43;5;193;108;4'467;238;52;34;100;5;14;12;19;2;;;;;;;;;;;;;;;;;;;;;;;;;
21.10.2020;46;6;195;110;4'749;282;51;23;133;10;20;23;22;0;;;;;;;;;;;;;;;;;;;;;;;;;
22.10.2020;60;5;198;110;5'054;305;66;37;117;16;24;27;15;3;;;;;;;;;;;;;;;;;;;;;;;;;
23.10.2020;61;7;205;112;5'546;492;109;57;178;23;34;48;37;6;;;;;;;;;;;;;;;;;;;;;;;;;
24.10.2020;66;10;213;116;6'018;472;114;46;187;23;33;42;25;2;;;;;;;;;;;;;;;;;;;;;;;;;
25.10.2020;74;13;217;118;6'313;295;87;24;91;28;22;28;15;0;;;;;;;;;;;;;;;;;;;;;;;;;
26.10.2020;83;10;218;119;6'799;486;76;66;218;24;32;33;36;1;;;;;;;;;;;;;;;;;;;;;;;;;
27.10.2020;95;12;224;121;7'285;486;79;34;209;26;51;51;30;6;;;;;;;;;;;;;;;;;;;;;;;;;
28.10.2020;105;11;233;123;7'890;605;156;74;198;53;29;56;38;1;;;;;;;;;;;;;;;;;;;;;;;;;
29.10.2020;123;16;244;129;8'430;540;107;34;220;44;53;42;32;8;;;;;;;;;;;;;;;;;;;;;;;;;
30.10.2020;133;16;257;133;9'223;793;171;81;313;41;64;60;51;12;;;;;;;;;;;;;;;;;;;;;;;;;
31.10.2020;146;17;265;136;9'908;685;171;57;256;40;60;54;38;9;;;;;;;;;;;;;;;;;;;;;;;;;
01.11.2020;161;19;269;140;10'424;516;110;36;187;75;33;41;29;5;;;;;;;;;;;;;;;;;;;;;;;;;
02.11.2020;175;18;272;148;10'934;510;99;53;205;34;36;37;43;3;;;;;;;;;;;;;;;;;;;;;;;;;
03.11.2020;190;19;285;156;11'580;646;129;56;236;51;65;49;55;5;;;;;;;;;;;;;;;;;;;;;;;;;
04.11.2020;195;22;296;169;12'387;807;195;63;309;46;78;59;53;4;;;;;;;;;;;;;;;;;;;;;;;;;
05.11.2020;199;23;316;176;13'264;877;182;59;343;70;97;57;58;11;;;;;;;;;;;;;;;;;;;;;;;;;
06.11.2020;202;24;331;183;13'940;676;167;46;246;32;79;45;49;12;;;;;;;;;;;;;;;;;;;;;;;;;
07.11.2020;196;22;348;201;14'650;710;160;56;269;42;95;43;40;5;;;;;;;;;;;;;;;;;;;;;;;;;
08.11.2020;192;24;365;201;15'079;429;67;37;180;34;51;29;24;7;;;;;;;;;;;;;;;;;;;;;;;;;
09.11.2020;200;25;372;219;15'392;313;78;23;122;10;41;16;21;2;;;;;;;;;;;;;;;;;;;;;;;;;
10.11.2020;212;24;382;226;15'989;597;143;39;216;45;72;37;36;9;;;;;;;;;;;;;;;;;;;;;;;;;
11.11.2020;212;23;397;233;16'587;598;131;57;211;29;62;54;36;18;;;;;;;;;;;;;;;;;;;;;;;;;
12.11.2020;211;23;417;238;17'098;511;144;40;182;28;43;37;30;7;;;;;;;;;;;;;;;;;;;;;;;;;
13.11.2020;205;21;428;253;17'537;439;109;34;183;23;25;20;41;4;;;;;;;;;;;;;;;;;;;;;;;;;
14.11.2020;186;21;452;261;17'887;350;74;36;143;21;19;24;30;3;;;;;;;;;;;;;;;;;;;;;;;;;
15.11.2020;189;23;458;269;18'043;156;26;22;62;9;15;9;12;1;;;;;;;;;;;;;;;;;;;;;;;;;
16.11.2020;196;22;461;277;18'253;210;40;13;89;9;23;17;19;0;;;;;;;;;;;;;;;;;;;;;;;;;
17.11.2020;197;20;470;283;18'481;228;55;27;87;16;10;18;13;2;;;;;;;;;;;;;;;;;;;;;;;;;
18.11.2020;189;26;485;293;18'798;317;57;24;113;13;57;14;33;6;;;;;;;;;;;;;;;;;;;;;;;;;
19.11.2020;178;24;500;298;19'099;301;37;26;107;11;73;20;23;4;;;;;;;;;;;;;;;;;;;;;;;;;
20.11.2020;169;23;511;303;19'275;176;50;13;64;10;7;15;15;2;;;;;;;;;;;;;;;;;;;;;;;;;
21.11.2020;158;23;523;308;19'408;133;22;12;55;14;9;7;12;2;;;;;;;;;;;;;;;;;;;;;;;;;
22.11.2020;156;23;528;312;19'503;95;11;10;35;8;9;7;10;5;;;;;;;;;;;;;;;;;;;;;;;;;
23.11.2020;155;22;529;323;19'740;237;49;33;56;11;61;12;15;0;;;;;;;;;;;;;;;;;;;;;;;;;
24.11.2020;156;21;543;326;19'888;148;30;17;52;6;17;14;12;0;;;;;;;;;;;;;;;;;;;;;;;;;
25.11.2020;158;19;547;330;20'040;152;33;9;38;12;19;23;15;3;;;;;;;;;;;;;;;;;;;;;;;;;
26.11.2020;148;19;556;336;20'184;144;24;14;47;7;15;13;22;2;;;;;;;;;;;;;;;;;;;;;;;;;
27.11.2020;141;20;567;336;20'289;105;22;12;26;4;10;11;20;0;;;;;;;;;;;;;;;;;;;;;;;;;
28.11.2020;131;18;580;340;20'402;113;14;11;36;4;10;17;18;3;;;;;;;;;;;;;;;;;;;;;;;;;
29.11.2020;124;18;589;340;20'452;50;12;5;15;1;4;8;3;2;;;;;;;;;;;;;;;;;;;;;;;;;
30.11.2020;126;20;589;345;20'554;102;18;17;33;4;15;8;6;1;;;;;;;;;;;;;;;;;;;;;;;;;
01.12.2020;115;17;599;349;20'693;139;13;15;63;7;18;6;16;1;;;;;;;;;;;;;;;;;;;;;;;;;
02.12.2020;107;17;605;351;20'844;151;23;19;62;2;13;15;16;1;;;;;;;;;;;;;;;;;;;;;;;;;
03.12.2020;84;16;609;357;20'969;125;23;16;39;2;21;13;11;0;;;;;;;;;;;;;;;;;;;;;;;;;
04.12.2020;88;15;615;357;21'085;116;22;8;44;4;18;7;11;2;;;;;;;;;;;;;;;;;;;;;;;;;
05.12.2020;82;15;623;357;21'184;99;14;12;29;10;9;10;15;0;;;;;;;;;;;;;;;;;;;;;;;;;
06.12.2020;87;16;623;359;21'252;68;15;8;25;2;6;5;3;4;;;;;;;;;;;;;;;;;;;;;;;;;
07.12.2020;88;16;627;363;21'338;86;12;9;28;6;9;8;12;2;;;;;;;;;;;;;;;;;;;;;;;;;
08.12.2020;90;18;633;364;21'431;93;14;12;22;7;12;8;17;1;;;;;;;;;;;;;;;;;;;;;;;;;
09.12.2020;90;16;635;370;21'547;116;21;20;38;5;9;11;12;0;;;;;;;;;;;;;;;;;;;;;;;;;
10.12.2020;88;15;639;370;21'648;101;16;8;31;10;12;10;13;1;;;;;;;;;;;;;;;;;;;;;;;;;
11.12.2020;84;14;642;373;21'760;112;22;14;33;7;14;8;12;2;;;;;;;;;;;;;;;;;;;;;;;;;
12.12.2020;85;16;645;376;21'858;98;16;11;38;13;2;7;11;0;;;;;;;;;;;;;;;;;;;;;;;;;
13.12.2020;86;17;645;377;21'926;68;10;11;25;4;6;4;8;0;;;;;;;;;;;;;;;;;;;;;;;;;
14.12.2020;87;14;645;381;22'019;93;10;16;30;4;10;10;13;0;;;;;;;;;;;;;;;;;;;;;;;;;
15.12.2020;86;16;649;383;22'116;97;16;12;24;9;8;6;22;0;;;;;;;;;;;;;;;;;;;;;;;;;
16.12.2020;79;16;653;386;22'204;88;14;19;21;5;12;5;12;0;;;;;;;;;;;;;;;;;;;;;;;;;
17.12.2020;68;14;660;389;22'286;82;13;7;33;4;10;3;12;0;;;;;;;;;;;;;;;;;;;;;;;;;
18.12.2020;66;11;660;391;22'364;78;16;11;27;4;7;4;9;0;;;;;;;;;;;;;;;;;;;;;;;;;
19.12.2020;59;10;664;395;22'458;94;13;17;37;2;7;7;11;0;;;;;;;;;;;;;;;;;;;;;;;;;
20.12.2020;58;11;666;396;22'526;68;5;14;18;5;6;4;16;0;;;;;;;;;;;;;;;;;;;;;;;;;
21.12.2020;62;13;666;397;22'593;67;10;9;19;7;9;4;9;0;;;;;;;;;;;;;;;;;;;;;;;;;
22.12.2020;60;13;673;399;22'688;95;13;14;23;13;10;7;15;0;;;;;;;;;;;;;;;;;;;;;;;;;
23.12.2020;58;12;675;401;22'778;90;18;11;26;3;12;7;13;0;;;;;;;;;;;;;;;;;;;;;;;;;
24.12.2020;57;10;678;401;22'902;124;13;11;41;10;11;14;24;0;;;;;;;;;;;;;;;;;;;;;;;;;
25.12.2020;54;12;680;401;22'950;48;7;8;13;3;5;3;7;2;;;;;;;;;;;;;;;;;;;;;;;;;
26.12.2020;55;10;683;401;22'996;46;5;5;23;1;2;4;6;0;;;;;;;;;;;;;;;;;;;;;;;;;
27.12.2020;57;10;683;401;23'057;61;2;9;22;9;6;1;11;1;;;;;;;;;;;;;;;;;;;;;;;;;
28.12.2020;55;11;685;401;23'114;57;7;7;13;3;11;5;11;0;;;;;;;;;;;;;;;;;;;;;;;;;
29.12.2020;52;10;689;408;23'208;94;15;12;28;1;10;13;15;0;;;;;;;;;;;;;;;;;;;;;;;;;
30.12.2020;48;10;694;408;23'303;95;16;14;20;5;13;11;15;1;;;;;;;;;;;;;;;;;;;;;;;;;
31.12.2020;49;11;695;409;23'391;88;19;17;17;2;12;8;12;1;;;;;;;;;;;;;;;;;;;;;;;;;
01.01.2021;47;11;697;409;23'440;49;10;7;7;4;6;4;11;0;;;;;;;;;;;;;;;;;;;;;;;;;
02.01.2021;49;10;697;411;23'505;65;11;8;20;7;5;1;13;0;;;;;;;;;;;;;;;;;;;;;;;;;
03.01.2021;50;10;697;411;23'582;77;17;17;20;2;3;5;13;0;;;;;;;;;;;;;;;;;;;;;;;;;
04.01.2021;57;10;697;412;23'666;84;15;11;29;5;6;7;11;0;;;;;;;;;;;;;;;;;;;;;;;;;
05.01.2021;56;12;703;412;23'786;120;16;13;32;4;15;13;27;0;;;;;;;;;;;;;;;;;;;;;;;;;
06.01.2021;51;11;706;414;23'901;115;24;19;30;7;7;7;20;1;;;;;;;;;;;;;;;;;;;;;;;;;
07.01.2021;52;11;707;415;23'984;83;18;7;21;6;10;4;17;0;;;;;;;;;;;;;;;;;;;;;;;;;
08.01.2021;53;11;708;415;24'083;99;23;11;26;3;11;5;19;1;;;;;;;;;;;;;;;;;;;;;;;;;
09.01.2021;49;11;708;417;24'169;86;20;6;18;1;12;6;23;0;;;;;;;;;;;;;;;;;;;;;;;;;
10.01.2021;46;10;710;418;24'210;41;5;0;15;1;6;7;5;2;;;;;;;;;;;;;;;;;;;;;;;;;
11.01.2021;47;9;710;421;24'281;71;11;12;15;5;10;0;18;0;;;;;;;;;;;;;;;;;;;;;;;;;
12.01.2021;49;8;713;421;24'377;96;12;15;20;4;12;2;30;1;;;;;;;;;;;;;;;;;;;;;;;;;
13.01.2021;47;8;717;424;24'458;81;17;9;18;4;16;4;12;1;;;;;;;;;;;;;;;;;;;;;;;;;
14.01.2021;41;7;722;424;24'551;93;15;7;20;3;26;7;15;0;;;;;;;;;;;;;;;;;;;;;;;;;
15.01.2021;38;7;727;427;24'628;77;11;9;16;8;13;5;15;0;;;;;;;;;;;;;;;;;;;;;;;;;
16.01.2021;40;8;727;428;24'683;55;7;7;10;3;12;4;12;0;;;;;;;;;;;;;;;;;;;;;;;;;
17.01.2021;44;7;728;428;24'737;54;6;8;16;4;7;1;12;0;;;;;;;;;;;;;;;;;;;;;;;;;
18.01.2021;44;8;728;431;24'794;57;5;9;17;3;10;4;9;0;;;;;;;;;;;;;;;;;;;;;;;;;
19.01.2021;43;8;730;436;24'883;89;7;5;33;9;7;9;19;0;;;;;;;;;;;;;;;;;;;;;;;;;
20.01.2021;38;6;732;436;24'976;93;16;10;25;7;17;5;13;0;;;;;;;;;;;;;;;;;;;;;;;;;
21.01.2021;41;6;734;437;25'046;70;15;8;31;1;5;2;8;0;;;;;;;;;;;;;;;;;;;;;;;;;
22.01.2021;40;6;735;439;25'128;82;10;14;27;4;12;8;7;0;;;;;;;;;;;;;;;;;;;;;;;;;
23.01.2021;37;6;738;440;25'194;66;6;13;29;2;10;0;5;1;;;;;;;;;;;;;;;;;;;;;;;;;
24.01.2021;38;5;739;440;25'243;49;4;7;18;3;6;5;5;1;;;;;;;;;;;;;;;;;;;;;;;;;
25.01.2021;41;6;740;446;25'299;56;8;9;17;3;6;4;9;0;;;;;;;;;;;;;;;;;;;;;;;;;
26.01.2021;44;6;743;446;25'397;98;7;21;24;8;12;12;12;2;;;;;;;;;;;;;;;;;;;;;;;;;
27.01.2021;48;7;744;446;25'497;100;7;23;22;6;13;9;19;1;;;;;;;;;;;;;;;;;;;;;;;;;
28.01.2021;48;8;748;448;25'572;75;9;13;33;3;9;1;7;0;;;;;;;;;;;;;;;;;;;;;;;;;
29.01.2021;43;7;753;449;25'654;82;10;11;32;2;6;7;14;0;;;;;;;;;;;;;;;;;;;;;;;;;
30.01.2021;38;6;757;449;25'702;48;4;14;13;3;5;4;5;0;;;;;;;;;;;;;;;;;;;;;;;;;
31.01.2021;38;6;759;451;25'768;66;1;6;37;2;8;6;4;2;;;;;;;;;;;;;;;;;;;;;;;;;
01.02.2021;38;5;760;452;25'847;79;6;9;32;4;12;7;9;0;;;;;;;;;;;;;;;;;;;;;;;;;
02.02.2021;33;5;765;452;25'937;90;7;17;35;2;10;12;7;0;;;;;;;;;;;;;;;;;;;;;;;;;
03.02.2021;35;4;767;452;26'039;102;14;10;38;6;10;8;15;1;;;;;;;;;;;;;;;;;;;;;;;;;
04.02.2021;30;4;770;454;26'125;86;11;7;29;7;9;10;13;0;;;;;;;;;;;;;;;;;;;;;;;;;
05.02.2021;25;4;774;454;26'202;77;11;11;31;3;7;6;8;0;;;;;;;;;;;;;;;;;;;;;;;;;
06.02.2021;23;4;776;456;26'269;67;5;21;23;2;7;3;6;0;;;;;;;;;;;;;;;;;;;;;;;;;
07.02.2021;24;5;777;457;26'315;46;7;9;21;2;5;1;1;0;;;;;;;;;;;;;;;;;;;;;;;;;
08.02.2021;23;5;778;457;26'366;51;10;3;13;6;7;4;8;0;;;;;;;;;;;;;;;;;;;;;;;;;
09.02.2021;25;7;778;459;26'436;70;17;2;19;5;8;9;9;1;;;;;;;;;;;;;;;;;;;;;;;;;
10.02.2021;27;7;781;459;26'492;56;10;9;20;2;3;5;7;0;;;;;;;;;;;;;;;;;;;;;;;;;
11.02.2021;27;4;781;459;26'536;44;12;5;16;1;2;6;2;0;;;;;;;;;;;;;;;;;;;;;;;;;
12.02.2021;27;5;783;461;26'591;55;12;3;23;2;5;2;8;0;;;;;;;;;;;;;;;;;;;;;;;;;
13.02.2021;25;5;785;461;26'628;37;5;2;16;3;4;0;7;0;;;;;;;;;;;;;;;;;;;;;;;;;
14.02.2021;25;5;786;461;26'654;26;3;1;13;0;1;7;1;0;;;;;;;;;;;;;;;;;;;;;;;;;
15.02.2021;27;5;786;462;26'684;30;3;1;16;2;3;1;4;0;;;;;;;;;;;;;;;;;;;;;;;;;
16.02.2021;25;4;789;462;26'717;33;4;5;9;4;2;3;6;0;;;;;;;;;;;;;;;;;;;;;;;;;
17.02.2021;24;3;790;463;26'770;53;9;6;18;1;6;5;6;2;;;;;;;;;;;;;;;;;;;;;;;;;
18.02.2021;24;2;791;463;26'810;40;7;2;11;1;7;8;4;0;;;;;;;;;;;;;;;;;;;;;;;;;
19.02.2021;22;4;794;463;26'848;38;6;4;7;6;4;5;6;0;;;;;;;;;;;;;;;;;;;;;;;;;
20.02.2021;22;6;798;463;26'885;37;4;0;15;3;2;8;5;0;;;;;;;;;;;;;;;;;;;;;;;;;
21.02.2021;22;6;799;463;26'909;24;3;0;10;4;3;0;4;0;;;;;;;;;;;;;;;;;;;;;;;;;
22.02.2021;22;8;800;463;26'955;46;9;3;11;6;10;3;4;0;;;;;;;;;;;;;;;;;;;;;;;;;
23.02.2021;25;7;802;463;27'027;72;25;1;21;5;10;7;3;0;;;;;;;;;;;;;;;;;;;;;;;;;
24.02.2021;26;8;803;464;27'083;56;9;2;23;6;6;3;5;2;;;;;;;;;;;;;;;;;;;;;;;;;
25.02.2021;30;8;805;465;27'133;50;13;4;22;3;1;4;3;0;;;;;;;;;;;;;;;;;;;;;;;;;
26.02.2021;33;8;806;465;27'184;51;16;4;22;3;2;0;4;0;;;;;;;;;;;;;;;;;;;;;;;;;
27.02.2021;29;8;809;465;27'230;46;10;3;22;2;2;1;6;0;;;;;;;;;;;;;;;;;;;;;;;;;
28.02.2021;30;9;810;465;27'266;36;12;4;14;3;1;2;0;0;;;;;;;;;;;;;;;;;;;;;;;;;
01.03.2021;35;8;810;467;27'297;31;5;5;9;6;3;1;2;0;;;;;;;;;;;;;;;;;;;;;;;;;
02.03.2021;35;10;814;467;27'369;72;12;5;27;7;8;7;6;0;;;;;;;;;;;;;;;;;;;;;;;;;
03.03.2021;36;9;815;467;27'424;55;18;4;15;4;3;4;7;0;;;;;;;;;;;;;;;;;;;;;;;;;
04.03.2021;36;9;816;467;27'487;63;9;11;22;9;6;0;5;1;;;;;;;;;;;;;;;;;;;;;;;;;
05.03.2021;33;10;819;467;27'542;55;12;6;25;1;2;1;8;0;;;;;;;;;;;;;;;;;;;;;;;;;
06.03.2021;35;9;819;467;27'594;52;7;5;16;4;11;6;3;0;;;;;;;;;;;;;;;;;;;;;;;;;
07.03.2021;37;7;820;468;27'627;33;3;5;16;1;1;2;4;1;;;;;;;;;;;;;;;;;;;;;;;;;
08.03.2021;36;9;821;468;27'670;43;5;3;19;5;3;6;2;0;;;;;;;;;;;;;;;;;;;;;;;;;
09.03.2021;38;9;824;469;27'722;52;7;4;18;9;8;4;2;0;;;;;;;;;;;;;;;;;;;;;;;;;
10.03.2021;35;9;827;469;27'789;67;5;6;34;11;3;4;4;0;;;;;;;;;;;;;;;;;;;;;;;;;
11.03.2021;34;8;828;469;27'838;49;7;7;20;6;2;5;2;0;;;;;;;;;;;;;;;;;;;;;;;;;
12.03.2021;33;7;833;471;27'894;56;5;2;24;6;8;4;7;0;;;;;;;;;;;;;;;;;;;;;;;;;
13.03.2021;31;7;837;471;27'936;42;2;4;19;6;4;2;5;0;;;;;;;;;;;;;;;;;;;;;;;;;
14.03.2021;31;7;838;472;27'967;31;1;1;17;2;2;6;2;0;;;;;;;;;;;;;;;;;;;;;;;;;
15.03.2021;31;7;838;472;28'021;54;7;7;21;4;7;5;3;0;;;;;;;;;;;;;;;;;;;;;;;;;
16.03.2021;29;7;841;472;28'085;64;11;5;24;7;3;9;5;0;;;;;;;;;;;;;;;;;;;;;;;;;
17.03.2021;29;6;841;472;28'173;88;10;13;27;10;8;8;10;2;;;;;;;;;;;;;;;;;;;;;;;;;
18.03.2021;24;5;843;472;28'236;63;11;6;20;4;11;6;4;1;;;;;;;;;;;;;;;;;;;;;;;;;
19.03.2021;25;5;843;472;28'296;60;15;3;22;3;2;10;4;1;;;;;;;;;;;;;;;;;;;;;;;;;
20.03.2021;25;6;843;472;28'349;53;6;3;19;6;5;10;3;1;;;;;;;;;;;;;;;;;;;;;;;;;
21.03.2021;24;6;843;472;28'384;35;5;6;14;3;2;2;3;0;;;;;;;;;;;;;;;;;;;;;;;;;
22.03.2021;27;7;843;472;28'440;56;10;4;14;3;10;4;11;0;;;;;;;;;;;;;;;;;;;;;;;;;
23.03.2021;22;7;846;472;28'509;69;11;9;27;3;8;5;6;0;;;;;;;;;;;;;;;;;;;;;;;;;
24.03.2021;22;10;847;473;28'581;72;14;8;21;4;8;4;12;1;;;;;;;;;;;;;;;;;;;;;;;;;
25.03.2021;23;10;847;473;28'643;62;13;4;21;6;6;8;3;1;;;;;;;;;;;;;;;;;;;;;;;;;
26.03.2021;26;8;848;473;28'715;72;17;3;28;4;12;6;2;0;;;;;;;;;;;;;;;;;;;;;;;;;
27.03.2021;25;10;852;473;28'778;63;6;2;30;3;9;9;4;0;;;;;;;;;;;;;;;;;;;;;;;;;
28.03.2021;32;9;852;473;28'814;36;4;3;15;1;3;6;2;2;;;;;;;;;;;;;;;;;;;;;;;;;
29.03.2021;32;9;853;473;28'863;49;8;6;18;2;7;5;3;0;;;;;;;;;;;;;;;;;;;;;;;;;
30.03.2021;32;9;854;473;28'904;41;5;7;17;4;2;3;2;1;;;;;;;;;;;;;;;;;;;;;;;;;
31.03.2021;32;9;857;473;28'956;52;5;6;26;3;4;4;4;0;;;;;;;;;;;;;;;;;;;;;;;;;
01.04.2021;30;9;860;475;29'008;52;7;4;16;5;9;6;5;0;;;;;;;;;;;;;;;;;;;;;;;;;
02.04.2021;31;8;862;475;29'058;50;10;8;20;2;8;1;1;0;;;;;;;;;;;;;;;;;;;;;;;;;
03.04.2021;34;7;863;475;29'100;42;6;5;13;4;7;3;4;0;;;;;;;;;;;;;;;;;;;;;;;;;
04.04.2021;33;7;865;475;29'131;31;3;3;16;1;6;1;1;0;;;;;;;;;;;;;;;;;;;;;;;;;
05.04.2021;33;7;866;476;29'179;48;8;2;24;1;7;2;4;0;;;;;;;;;;;;;;;;;;;;;;;;;
06.04.2021;37;6;867;476;29'220;41;7;4;17;0;11;1;1;0;;;;;;;;;;;;;;;;;;;;;;;;;
07.04.2021;37;6;869;476;29'272;52;14;3;18;0;8;7;2;0;;;;;;;;;;;;;;;;;;;;;;;;;
08.04.2021;32;6;872;476;29'334;62;9;4;26;7;10;1;5;0;;;;;;;;;;;;;;;;;;;;;;;;;
09.04.2021;29;6;873;476;29'393;59;5;6;34;1;5;1;5;2;;;;;;;;;;;;;;;;;;;;;;;;;
10.04.2021;28;7;874;476;29'456;63;6;14;18;3;13;4;4;1;;;;;;;;;;;;;;;;;;;;;;;;;
11.04.2021;30;7;874;476;29'488;32;4;1;9;2;8;5;3;0;;;;;;;;;;;;;;;;;;;;;;;;;
12.04.2021;32;8;874;476;29'548;60;11;3;20;4;13;4;5;0;;;;;;;;;;;;;;;;;;;;;;;;;
13.04.2021;28;7;878;476;29'618;70;13;8;29;2;8;7;3;0;;;;;;;;;;;;;;;;;;;;;;;;;
14.04.2021;23;7;881;477;29'691;73;8;6;26;1;21;7;4;0;;;;;;;;;;;;;;;;;;;;;;;;;
15.04.2021;23;7;883;478;29'766;75;9;7;33;6;8;6;5;1;;;;;;;;;;;;;;;;;;;;;;;;;
16.04.2021;20;6;888;478;29'831;65;12;6;23;3;4;8;9;0;;;;;;;;;;;;;;;;;;;;;;;;;
17.04.2021;21;6;888;478;29'884;53;16;3;19;1;10;2;2;0;;;;;;;;;;;;;;;;;;;;;;;;;
18.04.2021;27;5;888;478;29'943;59;12;2;29;4;3;5;3;1;;;;;;;;;;;;;;;;;;;;;;;;;
19.04.2021;29;7;888;478;29'982;39;10;2;13;1;4;4;5;0;;;;;;;;;;;;;;;;;;;;;;;;;
20.04.2021;30;5;889;478;30'073;91;31;12;22;12;5;6;3;0;;;;;;;;;;;;;;;;;;;;;;;;;
21.04.2021;26;7;893;478;30'138;65;11;16;15;5;14;2;2;0;;;;;;;;;;;;;;;;;;;;;;;;;
22.04.2021;21;7;898;478;30'213;75;8;13;27;5;13;5;4;0;;;;;;;;;;;;;;;;;;;;;;;;;
23.04.2021;23;7;900;478;30'280;67;19;10;22;5;5;2;4;0;;;;;;;;;;;;;;;;;;;;;;;;;
24.04.2021;26;6;900;478;30'336;56;13;11;14;4;7;2;5;0;;;;;;;;;;;;;;;;;;;;;;;;;
25.04.2021;27;8;900;478;30'392;56;9;15;18;2;9;3;0;0;;;;;;;;;;;;;;;;;;;;;;;;;
26.04.2021;29;7;900;478;30'450;58;10;13;17;4;5;4;4;1;;;;;;;;;;;;;;;;;;;;;;;;;
27.04.2021;28;6;901;479;30'529;79;15;8;26;6;12;6;6;0;;;;;;;;;;;;;;;;;;;;;;;;;
28.04.2021;26;7;901;479;30'592;63;7;11;22;3;7;3;10;0;;;;;;;;;;;;;;;;;;;;;;;;;
29.04.2021;26;7;902;479;30'673;81;14;5;22;12;14;7;5;2;;;;;;;;;;;;;;;;;;;;;;;;;
30.04.2021;27;9;902;479;30'732;59;7;11;18;5;6;3;7;2;;;;;;;;;;;;;;;;;;;;;;;;;
01.05.2021;28;8;902;479;30'787;55;6;6;16;3;10;12;2;0;;;;;;;;;;;;;;;;;;;;;;;;;
02.05.2021;28;7;902;479;30'827;40;4;5;11;4;8;4;4;0;;;;;;;;;;;;;;;;;;;;;;;;;
03.05.2021;28;9;903;479;30'868;41;9;2;15;8;3;0;3;1;;;;;;;;;;;;;;;;;;;;;;;;;
04.05.2021;34;8;903;479;30'911;43;2;5;22;2;4;5;3;0;;;;;;;;;;;;;;;;;;;;;;;;;
05.05.2021;31;6;905;481;30'974;63;7;2;22;6;15;7;4;0;;;;;;;;;;;;;;;;;;;;;;;;;
06.05.2021;25;6;908;481;31'031;57;5;1;21;6;12;3;9;0;;;;;;;;;;;;;;;;;;;;;;;;;
07.05.2021;22;5;911;484;31'079;48;12;3;17;3;3;4;2;4;;;;;;;;;;;;;;;;;;;;;;;;;
08.05.2021;21;4;912;484;31'128;49;9;7;12;8;7;3;3;0;;;;;;;;;;;;;;;;;;;;;;;;;
09.05.2021;22;4;912;484;31'159;31;3;5;16;0;2;1;3;1;;;;;;;;;;;;;;;;;;;;;;;;;
10.05.2021;23;4;912;484;31'215;56;11;11;19;2;4;3;6;0;;;;;;;;;;;;;;;;;;;;;;;;;
11.05.2021;24;5;912;485;31'272;57;12;5;26;3;1;6;3;1;;;;;;;;;;;;;;;;;;;;;;;;;
12.05.2021;22;5;916;485;31'341;69;12;7;25;6;8;1;10;0;;;;;;;;;;;;;;;;;;;;;;;;;
13.05.2021;19;5;918;485;31'381;40;10;3;15;4;2;3;3;0;;;;;;;;;;;;;;;;;;;;;;;;;
14.05.2021;16;4;920;485;31'433;52;7;4;22;2;7;4;6;0;;;;;;;;;;;;;;;;;;;;;;;;;
15.05.2021;14;4;922;485;31'480;47;10;5;20;5;3;1;2;1;;;;;;;;;;;;;;;;;;;;;;;;;
16.05.2021;13;4;924;485;31'517;37;6;2;15;4;4;3;3;0;;;;;;;;;;;;;;;;;;;;;;;;;
17.05.2021;14;4;924;486;31'558;41;5;1;13;5;6;5;6;0;;;;;;;;;;;;;;;;;;;;;;;;;
18.05.2021;13;4;925;486;31'621;63;9;3;26;3;7;7;6;2;;;;;;;;;;;;;;;;;;;;;;;;;
19.05.2021;13;4;926;486;31'674;53;5;3;28;6;3;3;5;0;;;;;;;;;;;;;;;;;;;;;;;;;
20.05.2021;12;4;927;487;31'714;40;8;8;17;2;0;2;3;0;;;;;;;;;;;;;;;;;;;;;;;;;
21.05.2021;13;4;927;487;31'754;40;4;5;16;4;4;4;3;0;;;;;;;;;;;;;;;;;;;;;;;;;
22.05.2021;13;3;928;487;31'797;43;7;2;13;3;8;5;5;0;;;;;;;;;;;;;;;;;;;;;;;;;
23.05.2021;11;3;929;487;31'828;31;1;1;18;5;0;0;6;0;;;;;;;;;;;;;;;;;;;;;;;;;
24.05.2021;11;3;929;487;31'854;26;1;1;13;3;3;1;4;0;;;;;;;;;;;;;;;;;;;;;;;;;
25.05.2021;10;3;931;487;31'882;28;7;1;12;3;2;2;1;0;;;;;;;;;;;;;;;;;;;;;;;;;
26.05.2021;12;4;931;487;31'932;50;4;2;25;1;4;7;7;0;;;;;;;;;;;;;;;;;;;;;;;;;
27.05.2021;11;4;932;488;31'976;44;7;2;15;4;4;0;11;1;;;;;;;;;;;;;;;;;;;;;;;;;
28.05.2021;11;6;932;488;32'014;38;8;0;16;3;6;3;2;0;;;;;;;;;;;;;;;;;;;;;;;;;
29.05.2021;11;6;933;488;32'051;37;9;0;16;2;3;3;4;0;;;;;;;;;;;;;;;;;;;;;;;;;
30.05.2021;10;5;934;488;32'067;16;4;0;7;0;4;0;1;0;;;;;;;;;;;;;;;;;;;;;;;;;
31.05.2021;10;4;934;488;32'098;31;9;1;11;0;5;2;3;0;;;;;;;;;;;;;;;;;;;;;;;;;
01.06.2021;7;3;936;488;32'136;38;5;2;16;7;4;3;1;0;;;;;;;;;;;;;;;;;;;;;;;;;
02.06.2021;8;4;937;488;32'170;34;5;0;15;2;4;3;5;0;;;;;;;;;;;;;;;;;;;;;;;;;
03.06.2021;8;4;937;488;32'198;28;4;0;17;1;3;2;1;0;;;;;;;;;;;;;;;;;;;;;;;;;
04.06.2021;8;4;938;488;32'216;18;1;1;7;2;2;2;3;0;;;;;;;;;;;;;;;;;;;;;;;;;
05.06.2021;10;4;938;488;32'232;16;3;0;8;0;3;1;1;0;;;;;;;;;;;;;;;;;;;;;;;;;
06.06.2021;10;4;938;488;32'248;16;3;0;5;3;2;2;1;0;;;;;;;;;;;;;;;;;;;;;;;;;
07.06.2021;10;4;938;488;32'268;20;7;1;8;0;2;1;1;0;;;;;;;;;;;;;;;;;;;;;;;;;
08.06.2021;8;3;939;488;32'309;41;12;2;12;1;5;4;5;0;;;;;;;;;;;;;;;;;;;;;;;;;
09.06.2021;8;3;940;488;32'336;27;7;0;12;1;4;3;0;0;;;;;;;;;;;;;;;;;;;;;;;;;
10.06.2021;9;3;942;488;32'356;20;4;0;6;0;3;5;2;0;;;;;;;;;;;;;;;;;;;;;;;;;
11.06.2021;10;3;942;488;32'373;17;5;0;6;0;1;2;3;0;;;;;;;;;;;;;;;;;;;;;;;;;
12.06.2021;11;3;942;488;32'386;13;5;0;4;0;2;1;1;0;;;;;;;;;;;;;;;;;;;;;;;;;
13.06.2021;12;3;943;488;32'395;9;5;0;1;0;1;1;1;0;;;;;;;;;;;;;;;;;;;;;;;;;
14.06.2021;9;3;944;488;32'400;5;0;1;3;0;1;0;0;0;;;;;;;;;;;;;;;;;;;;;;;;;
15.06.2021;10;2;945;488;32'420;20;8;0;6;0;3;1;2;0;;;;;;;;;;;;;;;;;;;;;;;;;
16.06.2021;9;2;947;489;32'426;6;4;0;2;0;0;0;0;0;;;;;;;;;;;;;;;;;;;;;;;;;
17.06.2021;9;2;947;489;32'432;6;2;0;2;1;1;0;0;0;;;;;;;;;;;;;;;;;;;;;;;;;
18.06.2021;10;2;947;489;32'445;13;5;0;0;1;3;1;3;0;;;;;;;;;;;;;;;;;;;;;;;;;
19.06.2021;9;2;947;489;32'460;15;8;2;1;2;0;0;2;0;;;;;;;;;;;;;;;;;;;;;;;;;
20.06.2021;8;2;947;489;32'460;0;0;0;0;0;0;0;0;0;;;;;;;;;;;;;;;;;;;;;;;;;
21.06.2021;8;2;947;489;32'465;5;1;0;3;1;0;0;0;0;;;;;;;;;;;;;;;;;;;;;;;;;
22.06.2021;7;1;948;489;32'473;8;1;0;2;2;1;0;1;1;;;;;;;;;;;;;;;;;;;;;;;;;
23.06.2021;8;1;948;489;32'479;6;0;1;0;1;3;0;1;0;;;;;;;;;;;;;;;;;;;;;;;;;
24.06.2021;8;1;949;491;32'483;4;0;1;1;0;2;0;0;0;;;;;;;;;;;;;;;;;;;;;;;;;
25.06.2021;8;1;949;493;32'490;7;1;0;3;0;0;1;1;1;;;;;;;;;;;;;;;;;;;;;;;;;
26.06.2021;7;1;954;493;32'492;2;0;0;1;1;0;0;0;0;;;;;;;;;;;;;;;;;;;;;;;;;
27.06.2021;6;1;954;493;32'493;1;0;0;0;0;0;0;1;0;;;;;;;;;;;;;;;;;;;;;;;;;
28.06.2021;4;1;954;493;32'494;1;0;0;1;0;0;0;0;0;;;;;;;;;;;;;;;;;;;;;;;;;
29.06.2021;6;2;954;493;32'501;7;0;2;0;2;1;0;2;0;;;;;;;;;;;;;;;;;;;;;;;;;
30.06.2021;8;0;954;493;32'505;4;3;0;1;0;0;0;0;0;;;;;;;;;;;;;;;;;;;;;;;;;
01.07.2021;8;0;954;493;32'507;2;1;0;1;0;0;0;0;0;;;;;;;;;;;;;;;;;;;;;;;;;
02.07.2021;5;0;956;493;32'512;5;1;0;2;1;0;0;1;0;;;;;;;;;;;;;;;;;;;;;;;;;
03.07.2021;3;0;956;493;32'516;4;1;0;3;0;0;0;0;0;;;;;;;;;;;;;;;;;;;;;;;;;
04.07.2021;3;0;956;493;32'520;4;0;0;1;2;1;0;0;0;;;;;;;;;;;;;;;;;;;;;;;;;
05.07.2021;3;0;956;493;32'526;6;1;0;3;0;2;0;0;0;;;;;;;;;;;;;;;;;;;;;;;;;
06.07.2021;4;0;956;493;32'531;5;2;0;2;0;0;1;0;0;;;;;;;;;;;;;;;;;;;;;;;;;
07.07.2021;3;0;957;493;32'539;8;3;1;2;0;1;0;1;0;;;;;;;;;;;;;;;;;;;;;;;;;
08.07.2021;3;0;957;493;32'545;6;2;0;1;2;0;1;0;0;;;;;;;;;;;;;;;;;;;;;;;;;
09.07.2021;3;0;957;493;32'555;10;2;0;2;1;0;2;1;2;;;;;;;;;;;;;;;;;;;;;;;;;
10.07.2021;3;0;957;493;32'558;3;0;0;1;0;1;1;0;0;;;;;;;;;;;;;;;;;;;;;;;;;
11.07.2021;3;0;957;493;32'561;3;2;0;1;0;0;0;0;0;;;;;;;;;;;;;;;;;;;;;;;;;
12.07.2021;3;0;957;493;32'570;9;2;1;3;1;1;0;1;0;;;;;;;;;;;;;;;;;;;;;;;;;
13.07.2021;5;1;957;493;32'574;4;0;0;1;0;1;0;2;0;;;;;;;;;;;;;;;;;;;;;;;;;
14.07.2021;3;0;958;493;32'581;7;0;1;3;2;1;0;0;0;;;;;;;;;;;;;;;;;;;;;;;;;
15.07.2021;3;0;958;493;32'591;10;5;1;2;0;0;0;0;2;;;;;;;;;;;;;;;;;;;;;;;;;
16.07.2021;2;0;958;493;32'608;17;4;2;5;2;2;1;1;0;;;;;;;;;;;;;;;;;;;;;;;;;
17.07.2021;2;0;959;493;32'616;8;2;0;3;1;1;0;1;0;;;;;;;;;;;;;;;;;;;;;;;;;
18.07.2021;2;0;959;493;32'625;9;3;0;4;1;0;0;0;1;;;;;;;;;;;;;;;;;;;;;;;;;
19.07.2021;1;0;960;493;32'645;20;4;1;6;5;2;1;1;0;;;;;;;;;;;;;;;;;;;;;;;;;
20.07.2021;1;0;960;493;32'660;15;3;1;6;3;0;1;1;0;;;;;;;;;;;;;;;;;;;;;;;;;
21.07.2021;1;0;960;493;32'675;15;8;0;2;2;2;0;1;0;;;;;;;;;;;;;;;;;;;;;;;;;
22.07.2021;1;0;960;493;32'689;14;5;1;3;1;3;1;0;0;;;;;;;;;;;;;;;;;;;;;;;;;
23.07.2021;1;0;960;493;32'700;11;4;0;4;0;1;0;1;1;;;;;;;;;;;;;;;;;;;;;;;;;
24.07.2021;1;0;960;493;32'717;17;6;2;7;0;2;0;0;0;;;;;;;;;;;;;;;;;;;;;;;;;
25.07.2021;1;0;960;493;32'725;8;2;0;4;0;0;0;1;1;;;;;;;;;;;;;;;;;;;;;;;;;
26.07.2021;1;0;960;493;32'735;10;4;2;4;0;0;0;0;0;;;;;;;;;;;;;;;;;;;;;;;;;
27.07.2021;1;0;960;493;32'752;17;4;0;6;2;1;1;3;0;;;;;;;;;;;;;;;;;;;;;;;;;
28.07.2021;1;0;960;493;32'780;28;6;5;7;2;4;1;3;0;;;;;;;;;;;;;;;;;;;;;;;;;
29.07.2021;0;0;961;493;32'799;19;4;7;2;1;3;2;0;0;;;;;;;;;;;;;;;;;;;;;;;;;
30.07.2021;0;0;961;493;32'812;13;2;2;3;1;2;2;0;1;;;;;;;;;;;;;;;;;;;;;;;;;
31.07.2021;0;0;961;493;32'829;17;3;3;3;1;2;1;4;0;;;;;;;;;;;;;;;;;;;;;;;;;
01.08.2021;0;0;961;493;32'855;26;8;0;6;1;6;2;2;1;;;;;;;;;;;;;;;;;;;;;;;;;
02.08.2021;0;0;961;493;32'875;20;4;1;10;0;2;0;3;0;;;;;;;;;;;;;;;;;;;;;;;;;
03.08.2021;0;0;961;493;32'908;33;5;4;13;2;3;3;3;0;;;;;;;;;;;;;;;;;;;;;;;;;
04.08.2021;1;0;961;493;32'940;32;7;1;10;0;7;4;3;0;;;;;;;;;;;;;;;;;;;;;;;;;
05.08.2021;3;0;961;493;32'978;38;6;3;15;3;4;5;2;0;;;;;;;;;;;;;;;;;;;;;;;;;
06.08.2021;5;0;962;493;33'010;32;2;3;18;1;0;2;4;2;;;;;;;;;;;;;;;;;;;;;;;;;
07.08.2021;5;0;962;493;33'055;45;8;4;12;1;8;4;7;1;;;;;;;;;;;;;;;;;;;;;;;;;
08.08.2021;5;0;962;493;33'096;41;7;2;16;3;6;4;3;0;;;;;;;;;;;;;;;;;;;;;;;;;
09.08.2021;6;1;962;493;33'138;42;4;7;10;4;5;3;8;1;;;;;;;;;;;;;;;;;;;;;;;;;
10.08.2021;4;0;962;493;33'195;57;12;7;16;3;4;6;7;2;;;;;;;;;;;;;;;;;;;;;;;;;
11.08.2021;4;0;962;493;33'249;54;11;7;14;1;4;5;11;1;;;;;;;;;;;;;;;;;;;;;;;;;
12.08.2021;2;0;964;493;33'314;65;19;11;17;1;8;0;8;1;;;;;;;;;;;;;;;;;;;;;;;;;
13.08.2021;2;0;964;493;33'359;45;8;5;15;5;5;2;5;0;;;;;;;;;;;;;;;;;;;;;;;;;
14.08.2021;4;0;964;493;33'391;32;7;7;12;1;0;1;4;0;;;;;;;;;;;;;;;;;;;;;;;;;
15.08.2021;4;0;966;493;33'442;51;6;16;16;1;6;2;4;0;;;;;;;;;;;;;;;;;;;;;;;;;
16.08.2021;5;0;966;493;33'491;49;11;5;13;5;5;5;5;0;;;;;;;;;;;;;;;;;;;;;;;;;
17.08.2021;3;0;968;493;33'576;85;25;15;25;2;3;7;7;1;;;;;;;;;;;;;;;;;;;;;;;;;
18.08.2021;5;1;968;493;33'679;103;31;8;33;5;12;4;8;2;;;;;;;;;;;;;;;;;;;;;;;;;
19.08.2021;6;1;968;493;33'743;64;9;14;17;3;4;4;13;0;;;;;;;;;;;;;;;;;;;;;;;;;
20.08.2021;8;1;968;493;33'798;55;13;6;21;0;5;5;5;0;;;;;;;;;;;;;;;;;;;;;;;;;
21.08.2021;10;1;968;493;33'886;88;14;22;29;0;5;3;14;1;;;;;;;;;;;;;;;;;;;;;;;;;
22.08.2021;9;2;969;493;33'934;48;12;7;10;1;7;0;10;1;;;;;;;;;;;;;;;;;;;;;;;;;
23.08.2021;8;2;970;493;34'000;66;14;6;22;2;8;2;12;0;;;;;;;;;;;;;;;;;;;;;;;;;
24.08.2021;13;3;972;493;34'110;110;20;21;20;6;10;7;23;3;;;;;;;;;;;;;;;;;;;;;;;;;
25.08.2021;14;3;973;493;34'186;76;11;14;29;4;4;3;11;0;;;;;;;;;;;;;;;;;;;;;;;;;
26.08.2021;14;4;973;493;34'256;70;15;14;17;7;10;4;3;0;;;;;;;;;;;;;;;;;;;;;;;;;
27.08.2021;17;6;974;493;34'338;82;22;16;14;6;7;9;8;0;;;;;;;;;;;;;;;;;;;;;;;;;
28.08.2021;17;7;975;493;34'397;59;5;18;19;1;3;7;6;0;;;;;;;;;;;;;;;;;;;;;;;;;
29.08.2021;17;7;977;493;34'426;29;6;5;5;2;6;1;3;1;;;;;;;;;;;;;;;;;;;;;;;;;
30.08.2021;20;6;978;493;34'485;59;6;4;20;3;14;6;5;1;;;;;;;;;;;;;;;;;;;;;;;;;
31.08.2021;31;5;978;493;34'584;99;6;12;33;7;13;11;14;3;;;;;;;;;;;;;;;;;;;;;;;;;
01.09.2021;32;5;982;493;34'657;73;14;15;24;2;11;1;5;1;;;;;;;;;;;;;;;;;;;;;;;;;
02.09.2021;30;5;983;493;34'733;76;9;15;25;2;8;6;11;0;;;;;;;;;;;;;;;;;;;;;;;;;
03.09.2021;30;5;984;493;34'795;62;16;7;15;3;10;6;5;0;;;;;;;;;;;;;;;;;;;;;;;;;
04.09.2021;27;6;991;493;34'853;58;18;4;12;3;12;4;4;1;;;;;;;;;;;;;;;;;;;;;;;;;
05.09.2021;25;6;993;493;34'897;44;8;10;11;1;4;2;8;0;;;;;;;;;;;;;;;;;;;;;;;;;
06.09.2021;29;6;994;494;34'946;49;8;5;18;0;7;5;5;1;;;;;;;;;;;;;;;;;;;;;;;;;
07.09.2021;29;5;994;494;35'019;73;11;6;28;2;14;3;8;1;;;;;;;;;;;;;;;;;;;;;;;;;
08.09.2021;27;6;998;494;35'129;110;58;9;17;6;6;4;10;0;;;;;;;;;;;;;;;;;;;;;;;;;
09.09.2021;24;5;1002;494;35'255;126;28;12;50;7;10;9;9;1;;;;;;;;;;;;;;;;;;;;;;;;;
10.09.2021;27;6;1002;494;35'352;97;23;5;36;0;12;8;12;1;;;;;;;;;;;;;;;;;;;;;;;;;
11.09.2021;22;6;1005;495;35'432;80;21;8;31;0;5;6;5;4;;;;;;;;;;;;;;;;;;;;;;;;;
12.09.2021;23;5;1005;495;35'521;89;18;6;24;0;4;28;9;0;;;;;;;;;;;;;;;;;;;;;;;;;
